heapsort (time in seconds)
n       random    constant  ascending descending A-shaped
100      0.000016  0.000003  0.000014  0.000013  0.000014
200      0.000034  0.000005  0.000033  0.000028  0.000031
300      0.000055  0.000008  0.000053  0.000045  0.000051
400      0.000078  0.000011  0.000075  0.000066  0.000070
500      0.000100  0.000013  0.000097  0.000086  0.000091
600      0.000123  0.000016  0.000119  0.000105  0.000114
700      0.000149  0.000017  0.000142  0.000127  0.000136
800      0.000173  0.000019  0.000166  0.000147  0.000159
900      0.000200  0.000022  0.000191  0.000170  0.000181
1000     0.000225  0.000023  0.000212  0.000189  0.000203