insertsort (time in seconds)
n       random    constant  ascending descending A-shaped
100      0.000017  0.000002  0.000002  0.000033  0.000017
200      0.000066  0.000003  0.000002  0.000127  0.000066
300      0.000145  0.000002  0.000003  0.000283  0.000144
400      0.000255  0.000003  0.000005  0.000500  0.000253
500      0.000397  0.000005  0.000005  0.000780  0.000394
600      0.000570  0.000005  0.000005  0.001122  0.000564
700      0.000773  0.000006  0.000006  0.001522  0.000767
800      0.001006  0.000008  0.000008  0.001986  0.000997
900      0.001272  0.000008  0.000008  0.002523  0.001261
1000     0.001558  0.000009  0.000009  0.003084  0.001541