selectionsort (time in seconds)
n       random    constant  ascending descending A-shaped
100      0.000030  0.000025  0.000025  0.000028  0.000030
200      0.000108  0.000097  0.000097  0.000103  0.000105
300      0.000233  0.000214  0.000216  0.000230  0.000230
400      0.000409  0.000387  0.000384  0.000406  0.000405
500      0.000630  0.000598  0.000605  0.000645  0.000639
600      0.000900  0.000856  0.000866  0.000909  0.000897
700      0.001256  0.001169  0.001169  0.001238  0.001239
800      0.001594  0.001525  0.001542  0.001583  0.001567
900      0.002030  0.001983  0.001956  0.002086  0.001997
1000     0.002430  0.002345  0.002345  0.002478  0.002452