shellsort (time in seconds)
n       random    constant  ascending descending A-shaped
100      0.000013  0.000003  0.000003  0.000006  0.000009
200      0.000031  0.000011  0.000011  0.000017  0.000020
300      0.000050  0.000017  0.000016  0.000027  0.000034
400      0.000070  0.000025  0.000025  0.000037  0.000050
500      0.000094  0.000031  0.000031  0.000052  0.000061
600      0.000116  0.000039  0.000039  0.000064  0.000075
700      0.000141  0.000047  0.000047  0.000073  0.000089
800      0.000166  0.000055  0.000056  0.000087  0.000103
900      0.000191  0.000063  0.000064  0.000098  0.000119
1000     0.000216  0.000072  0.000072  0.000109  0.000136